SampleNumber	Tile	NumberOfReadsRaw	NumberOfReadsPF
0	1101	54676	52675
1	1101	1	1
2	1101	224	216
3	1101	2691	2632
4	1101	686	673
5	1101	1804	1749
6	1101	1410	1362
7	1101	4961	4814
8	1101	2701	2631
9	1101	3386	3311
10	1101	1066	1037
11	1101	4839	4707
12	1101	936	897
13	1101	149	130
14	1101	1922	1875
15	1101	1797	1763
16	1101	2685	2607
17	1101	1446	1408
18	1101	3040	2971
19	1101	5604	5426
20	1101	1069	1043
21	1101	1203	1161
22	1101	174	167
23	1101	1313	1274
24	1101	4916	4800
25	1101	119	110
26	1101	961	941
27	1101	3006	2928
28	1101	1336	1305
29	1101	3540	3453
30	1101	7950	7743
31	1101	1171	1124
32	1101	3704	3582
33	1101	1227	1180
34	1101	5453	5327
35	1101	2681	2612
36	1101	1507	1464
37	1101	166	157
38	1101	5628	5490
39	1101	10297	10005
40	1101	2922	2838
41	1101	3759	3645
42	1101	7898	7688
43	1101	2644	2572
44	1101	1712	1627
45	1101	6981	6845
46	1101	3782	3685
47	1101	3126	3052
48	1101	779	744
49	1101	626	606
50	1101	7624	7424
51	1101	8730	8500
52	1101	4505	4386
53	1101	7380	7182
54	1101	3421	3336
55	1101	2422	2358
56	1101	3264	3180
57	1101	608	593
58	1101	4815	4680
59	1101	6159	6005
60	1101	3455	3346
61	1101	457	436
62	1101	3199	3131
63	1101	4883	4741
64	1101	1325	1298
65	1101	6269	6104
66	1101	4586	4483
67	1101	3460	3376
68	1101	2825	2745
69	1101	3673	3586
70	1101	9091	8853
71	1101	3375	3289
72	1101	5295	5173
73	1101	105	102
74	1101	6493	6300
75	1101	5334	5173
76	1101	6596	6447
77	1101	1820	1766
78	1101	1292	1251
79	1101	2303	2241
80	1101	960	894
81	1101	4242	4140
82	1101	1650	1589
83	1101	1047	1016
84	1101	7272	7052
85	1101	1573	1474
86	1101	4520	4395
87	1101	4512	4389
88	1101	609	592
89	1101	1932	1870
90	1101	1325	1300
91	1101	4602	4494
92	1101	1759	1706
93	1101	2275	2219
94	1101	935	911
95	1101	1654	1611
96	1101	1635	1570
0	1102	54597	52885
1	1102	2	1
2	1102	247	241
3	1102	2665	2611
4	1102	720	698
5	1102	1799	1760
6	1102	1342	1292
7	1102	5094	4990
8	1102	2658	2605
9	1102	3376	3315
10	1102	1040	1006
11	1102	4733	4635
12	1102	939	911
13	1102	147	132
14	1102	1828	1785
15	1102	1794	1738
16	1102	2677	2626
17	1102	1425	1391
18	1102	2883	2817
19	1102	5659	5523
20	1102	1126	1101
21	1102	1213	1186
22	1102	172	170
23	1102	1260	1228
24	1102	4897	4790
25	1102	128	125
26	1102	930	908
27	1102	2925	2861
28	1102	1437	1399
29	1102	3506	3425
30	1102	7938	7767
31	1102	1179	1142
32	1102	3601	3509
33	1102	1161	1129
34	1102	5364	5246
35	1102	2604	2544
36	1102	1484	1432
37	1102	161	153
38	1102	5681	5567
39	1102	10148	9924
40	1102	2928	2850
41	1102	3898	3795
42	1102	7875	7679
43	1102	2568	2502
44	1102	1731	1680
45	1102	6761	6646
46	1102	3925	3808
47	1102	3178	3103
48	1102	720	688
49	1102	633	615
50	1102	7805	7632
51	1102	8807	8611
52	1102	4377	4257
53	1102	7362	7213
54	1102	3401	3319
55	1102	2583	2521
56	1102	3267	3188
57	1102	575	561
58	1102	4908	4782
59	1102	6175	6042
60	1102	3305	3222
61	1102	488	479
62	1102	3208	3154
63	1102	5007	4904
64	1102	1336	1301
65	1102	6339	6173
66	1102	4568	4467
67	1102	3573	3487
68	1102	2839	2771
69	1102	3579	3483
70	1102	8775	8577
71	1102	3341	3255
72	1102	5411	5311
73	1102	114	111
74	1102	6312	6153
75	1102	5226	5104
76	1102	6538	6407
77	1102	1853	1808
78	1102	1308	1253
79	1102	2229	2180
80	1102	916	877
81	1102	4383	4272
82	1102	1682	1648
83	1102	968	946
84	1102	7369	7192
85	1102	1404	1336
86	1102	4648	4526
87	1102	4460	4372
88	1102	639	626
89	1102	1905	1856
90	1102	1275	1239
91	1102	4699	4606
92	1102	1721	1673
93	1102	2286	2222
94	1102	911	897
95	1102	1650	1612
96	1102	1587	1524
0	1103	53710	51765
1	1103	6	4
2	1103	248	232
3	1103	2690	2616
4	1103	750	720
5	1103	1764	1710
6	1103	1336	1291
7	1103	5067	4917
8	1103	2637	2569
9	1103	3403	3312
10	1103	1016	980
11	1103	4643	4527
12	1103	950	918
13	1103	160	134
14	1103	1943	1905
15	1103	1808	1750
16	1103	2853	2780
17	1103	1397	1355
18	1103	2961	2885
19	1103	5497	5340
20	1103	1106	1065
21	1103	1247	1205
22	1103	167	162
23	1103	1287	1244
24	1103	4764	4642
25	1103	98	93
26	1103	939	911
27	1103	2890	2807
28	1103	1433	1390
29	1103	3471	3362
30	1103	8016	7765
31	1103	1246	1205
32	1103	3610	3511
33	1103	1194	1153
34	1103	5359	5206
35	1103	2736	2657
36	1103	1516	1466
37	1103	170	162
38	1103	5739	5587
39	1103	10253	9969
40	1103	2899	2828
41	1103	3922	3826
42	1103	8033	7814
43	1103	2634	2564
44	1103	1736	1687
45	1103	6760	6601
46	1103	3818	3705
47	1103	3117	3027
48	1103	701	679
49	1103	651	626
50	1103	7710	7485
51	1103	8899	8655
52	1103	4459	4329
53	1103	7254	7067
54	1103	3308	3215
55	1103	2589	2520
56	1103	3157	3060
57	1103	610	593
58	1103	4968	4809
59	1103	6164	5982
60	1103	3560	3453
61	1103	448	432
62	1103	3162	3078
63	1103	5025	4859
64	1103	1308	1260
65	1103	6448	6279
66	1103	4749	4626
67	1103	3552	3443
68	1103	2842	2759
69	1103	3669	3557
70	1103	8940	8703
71	1103	3283	3183
72	1103	5354	5208
73	1103	117	116
74	1103	6459	6250
75	1103	5208	5072
76	1103	6624	6443
77	1103	1873	1814
78	1103	1408	1332
79	1103	2237	2179
80	1103	912	869
81	1103	4372	4235
82	1103	1570	1520
83	1103	941	907
84	1103	7312	7097
85	1103	1443	1378
86	1103	4712	4565
87	1103	4349	4218
88	1103	656	631
89	1103	1928	1875
90	1103	1277	1253
91	1103	4672	4550
92	1103	1767	1705
93	1103	2209	2137
94	1103	866	843
95	1103	1534	1490
96	1103	1488	1431
0	1104	53358	51605
1	1104	4	3
2	1104	275	266
3	1104	2686	2620
4	1104	677	654
5	1104	1755	1713
6	1104	1420	1388
7	1104	4927	4809
8	1104	2630	2569
9	1104	3446	3351
10	1104	1028	995
11	1104	4874	4763
12	1104	953	923
13	1104	162	137
14	1104	1828	1783
15	1104	1767	1722
16	1104	2780	2708
17	1104	1367	1324
18	1104	2976	2912
19	1104	5687	5539
20	1104	1160	1135
21	1104	1136	1105
22	1104	197	191
23	1104	1213	1188
24	1104	4707	4606
25	1104	86	85
26	1104	937	912
27	1104	2931	2863
28	1104	1478	1434
29	1104	3562	3459
30	1104	8074	7877
31	1104	1124	1080
32	1104	3587	3487
33	1104	1210	1187
34	1104	5290	5158
35	1104	2706	2625
36	1104	1505	1444
37	1104	186	177
38	1104	5712	5595
39	1104	10317	10037
40	1104	2849	2782
41	1104	3786	3693
42	1104	7805	7622
43	1104	2682	2614
44	1104	1681	1643
45	1104	6645	6532
46	1104	3790	3698
47	1104	3108	3034
48	1104	707	675
49	1104	626	605
50	1104	7727	7531
51	1104	8847	8642
52	1104	4401	4295
53	1104	7357	7197
54	1104	3409	3317
55	1104	2503	2444
56	1104	3170	3088
57	1104	595	576
58	1104	4976	4868
59	1104	6225	6091
60	1104	3416	3321
61	1104	476	461
62	1104	3255	3176
63	1104	4986	4872
64	1104	1260	1219
65	1104	6221	6046
66	1104	4651	4537
67	1104	3610	3520
68	1104	2857	2796
69	1104	3652	3574
70	1104	8995	8783
71	1104	3409	3304
72	1104	5360	5241
73	1104	103	100
74	1104	6417	6227
75	1104	5359	5219
76	1104	6538	6394
77	1104	1844	1791
78	1104	1348	1299
79	1104	2312	2259
80	1104	981	933
81	1104	4359	4247
82	1104	1694	1640
83	1104	993	968
84	1104	7227	7008
85	1104	1420	1350
86	1104	4759	4620
87	1104	4444	4340
88	1104	654	630
89	1104	1995	1934
90	1104	1272	1249
91	1104	4607	4476
92	1104	1795	1750
93	1104	2201	2142
94	1104	903	882
95	1104	1594	1561
96	1104	1610	1555
0	1105	54121	52222
1	1105	1	0
2	1105	257	243
3	1105	2639	2577
4	1105	723	703
5	1105	1786	1726
6	1105	1381	1346
7	1105	5144	5014
8	1105	2661	2601
9	1105	3419	3324
10	1105	1029	990
11	1105	4702	4582
12	1105	915	888
13	1105	175	151
14	1105	1829	1785
15	1105	1813	1760
16	1105	2759	2663
17	1105	1432	1393
18	1105	2953	2865
19	1105	5647	5484
20	1105	1036	1003
21	1105	1197	1163
22	1105	153	149
23	1105	1282	1238
24	1105	4800	4686
25	1105	87	82
26	1105	934	907
27	1105	2963	2886
28	1105	1409	1351
29	1105	3425	3348
30	1105	7895	7680
31	1105	1174	1143
32	1105	3511	3414
33	1105	1174	1137
34	1105	5294	5139
35	1105	2665	2601
36	1105	1506	1465
37	1105	188	180
38	1105	5648	5513
39	1105	10118	9868
40	1105	3031	2936
41	1105	3858	3758
42	1105	7877	7661
43	1105	2640	2560
44	1105	1711	1652
45	1105	6646	6528
46	1105	3886	3772
47	1105	3028	2961
48	1105	710	683
49	1105	586	564
50	1105	7701	7500
51	1105	9031	8771
52	1105	4364	4231
53	1105	7329	7138
54	1105	3376	3281
55	1105	2582	2511
56	1105	3262	3175
57	1105	567	551
58	1105	4945	4780
59	1105	6247	6055
60	1105	3557	3462
61	1105	467	447
62	1105	3315	3226
63	1105	5001	4854
64	1105	1360	1317
65	1105	6270	6102
66	1105	4685	4569
67	1105	3521	3427
68	1105	2868	2767
69	1105	3553	3461
70	1105	9009	8743
71	1105	3259	3168
72	1105	5274	5139
73	1105	98	94
74	1105	6425	6223
75	1105	5438	5284
76	1105	6558	6399
77	1105	1857	1803
78	1105	1361	1318
79	1105	2344	2275
80	1105	907	865
81	1105	4292	4170
82	1105	1691	1646
83	1105	1025	993
84	1105	7227	6994
85	1105	1437	1368
86	1105	4678	4553
87	1105	4436	4305
88	1105	641	626
89	1105	1889	1833
90	1105	1354	1313
91	1105	4598	4482
92	1105	1847	1793
93	1105	2199	2133
94	1105	903	879
95	1105	1544	1498
96	1105	1612	1565
0	1106	54107	52323
2	1106	269	258
3	1106	2598	2540
4	1106	704	680
5	1106	1756	1710
6	1106	1334	1294
7	1106	5039	4934
8	1106	2736	2677
9	1106	3397	3316
10	1106	1065	1041
11	1106	4734	4629
12	1106	979	944
13	1106	157	138
14	1106	1809	1771
15	1106	1847	1801
16	1106	2723	2678
17	1106	1393	1366
18	1106	2952	2873
19	1106	5591	5477
20	1106	1071	1049
21	1106	1222	1187
22	1106	168	163
23	1106	1352	1327
24	1106	4846	4758
25	1106	121	118
26	1106	922	906
27	1106	2955	2890
28	1106	1411	1369
29	1106	3487	3398
30	1106	7992	7810
31	1106	1110	1075
32	1106	3720	3630
33	1106	1198	1165
34	1106	5385	5269
35	1106	2705	2653
36	1106	1571	1529
37	1106	189	184
38	1106	5682	5574
39	1106	10222	9972
40	1106	2885	2829
41	1106	3939	3850
42	1106	7848	7687
43	1106	2548	2491
44	1106	1688	1641
45	1106	6894	6763
46	1106	3896	3813
47	1106	3272	3221
48	1106	762	743
49	1106	548	535
50	1106	7700	7544
51	1106	8855	8624
52	1106	4528	4413
53	1106	7409	7259
54	1106	3298	3217
55	1106	2444	2392
56	1106	3237	3177
57	1106	595	587
58	1106	4827	4702
59	1106	6134	5996
60	1106	3469	3410
61	1106	442	432
62	1106	3222	3141
63	1106	4743	4644
64	1106	1291	1268
65	1106	6365	6230
66	1106	4896	4808
67	1106	3433	3351
68	1106	2900	2832
69	1106	3719	3637
70	1106	8980	8782
71	1106	3395	3308
72	1106	5350	5235
73	1106	101	100
74	1106	6547	6372
75	1106	5299	5163
76	1106	6705	6567
77	1106	1955	1917
78	1106	1316	1271
79	1106	2294	2251
80	1106	875	834
81	1106	4374	4266
82	1106	1635	1593
83	1106	957	935
84	1106	7352	7139
85	1106	1415	1356
86	1106	4636	4539
87	1106	4510	4384
88	1106	632	619
89	1106	1964	1917
90	1106	1276	1247
91	1106	4697	4606
92	1106	1723	1677
93	1106	2191	2128
94	1106	893	865
95	1106	1555	1519
96	1106	1645	1590
0	1107	57774	54349
1	1107	3	1
2	1107	249	245
3	1107	2649	2560
4	1107	710	676
5	1107	1811	1744
6	1107	1357	1302
7	1107	4864	4715
8	1107	2767	2665
9	1107	3334	3241
10	1107	1050	1009
11	1107	4697	4543
12	1107	1637	1007
13	1107	163	149
14	1107	1847	1800
15	1107	1820	1772
16	1107	2682	2599
17	1107	1351	1308
18	1107	2858	2776
19	1107	5469	5299
20	1107	1140	1092
21	1107	1174	1128
22	1107	168	161
23	1107	1306	1260
24	1107	4786	4637
25	1107	100	93
26	1107	957	912
27	1107	2866	2766
28	1107	1489	1356
29	1107	3390	3286
30	1107	7921	7653
31	1107	1147	1083
32	1107	3526	3415
33	1107	1170	1116
34	1107	5133	4989
35	1107	2659	2562
36	1107	1520	1462
37	1107	173	165
38	1107	5603	5442
39	1107	10309	10016
40	1107	2847	2754
41	1107	3841	3704
42	1107	7828	7600
43	1107	2555	2485
44	1107	1756	1661
45	1107	6725	6551
46	1107	3896	3760
47	1107	3109	2998
48	1107	693	668
49	1107	692	652
50	1107	7721	7465
51	1107	8778	8489
52	1107	4343	4194
53	1107	7325	7091
54	1107	3280	3175
55	1107	2411	2319
56	1107	3242	3148
57	1107	571	557
58	1107	4770	4618
59	1107	6056	5897
60	1107	3370	3260
61	1107	474	460
62	1107	3165	3068
63	1107	4784	4625
64	1107	1284	1237
65	1107	6220	6042
66	1107	4536	4416
67	1107	3540	3427
68	1107	2872	2772
69	1107	3441	3334
70	1107	8734	8444
71	1107	3263	3132
72	1107	5368	5217
73	1107	83	82
74	1107	6304	6086
75	1107	5241	5046
76	1107	6686	6516
77	1107	1841	1771
78	1107	1335	1287
79	1107	2214	2146
80	1107	907	857
81	1107	4194	4060
82	1107	1658	1606
83	1107	992	969
84	1107	7050	6817
85	1107	1519	1432
86	1107	4569	4432
87	1107	4438	4283
88	1107	608	587
89	1107	1892	1820
90	1107	1261	1232
91	1107	4648	4494
92	1107	1716	1660
93	1107	2166	2092
94	1107	899	874
95	1107	1526	1472
96	1107	1608	1534
0	1108	53908	52149
1	1108	2	2
2	1108	248	239
3	1108	2625	2564
4	1108	710	696
5	1108	1715	1666
6	1108	1423	1393
7	1108	5105	4983
8	1108	2695	2638
9	1108	3457	3370
10	1108	1026	1005
11	1108	4736	4626
12	1108	1000	971
13	1108	152	140
14	1108	1848	1803
15	1108	1893	1846
16	1108	2793	2713
17	1108	1342	1316
18	1108	2913	2834
19	1108	5679	5542
20	1108	1127	1097
21	1108	1168	1143
22	1108	185	182
23	1108	1289	1252
24	1108	4833	4747
25	1108	116	115
26	1108	956	935
27	1108	2925	2854
28	1108	1432	1386
29	1108	3645	3566
30	1108	7959	7760
31	1108	1206	1161
32	1108	3775	3679
33	1108	1148	1115
34	1108	5464	5332
35	1108	2670	2598
36	1108	1459	1410
37	1108	174	168
38	1108	5785	5652
39	1108	10421	10186
40	1108	2965	2890
41	1108	3920	3820
42	1108	7915	7737
43	1108	2653	2588
44	1108	1733	1696
45	1108	6816	6708
46	1108	3876	3775
47	1108	3168	3090
48	1108	714	687
49	1108	624	608
50	1108	7784	7615
51	1108	8904	8708
52	1108	4521	4403
53	1108	7412	7245
54	1108	3400	3319
55	1108	2527	2462
56	1108	3186	3124
57	1108	555	535
58	1108	4949	4814
59	1108	6135	6001
60	1108	3539	3456
61	1108	473	456
62	1108	3184	3114
63	1108	5030	4893
64	1108	1263	1221
65	1108	6333	6166
66	1108	4720	4609
67	1108	3545	3474
68	1108	2880	2792
69	1108	3689	3598
70	1108	9116	8913
71	1108	3348	3262
72	1108	5222	5102
73	1108	90	82
74	1108	6506	6338
75	1108	5478	5348
76	1108	6698	6552
77	1108	1822	1777
78	1108	1316	1284
79	1108	2222	2169
80	1108	1001	961
81	1108	4415	4296
82	1108	1704	1665
83	1108	1017	987
84	1108	7100	6906
85	1108	1482	1404
86	1108	4635	4538
87	1108	4360	4249
88	1108	632	624
89	1108	1992	1939
90	1108	1343	1309
91	1108	4690	4588
92	1108	1726	1681
93	1108	2165	2111
94	1108	886	851
95	1108	1552	1503
96	1108	1645	1593
0	1109	55159	53307
1	1109	4	3
2	1109	254	244
3	1109	2621	2546
4	1109	721	709
5	1109	1737	1689
6	1109	1454	1416
7	1109	5026	4898
8	1109	2770	2711
9	1109	3545	3447
10	1109	983	952
11	1109	4767	4656
12	1109	921	895
13	1109	164	141
14	1109	1861	1820
15	1109	1937	1880
16	1109	2688	2622
17	1109	1416	1381
18	1109	3053	2979
19	1109	5640	5498
20	1109	1157	1131
21	1109	1195	1161
22	1109	147	144
23	1109	1336	1301
24	1109	4930	4809
25	1109	94	94
26	1109	909	892
27	1109	3082	3004
28	1109	1397	1350
29	1109	3533	3439
30	1109	8060	7836
31	1109	1245	1189
32	1109	3813	3704
33	1109	1226	1196
34	1109	5395	5263
35	1109	2643	2567
36	1109	1486	1452
37	1109	163	159
38	1109	5724	5590
39	1109	10528	10234
40	1109	2969	2900
41	1109	3970	3876
42	1109	7972	7802
43	1109	2676	2622
44	1109	1730	1696
45	1109	6920	6794
46	1109	3846	3734
47	1109	3141	3068
48	1109	730	704
49	1109	644	626
50	1109	7948	7735
51	1109	8975	8767
52	1109	4451	4311
53	1109	7485	7313
54	1109	3371	3291
55	1109	2494	2440
56	1109	3277	3195
57	1109	591	574
58	1109	5025	4891
59	1109	6232	6082
60	1109	3556	3474
61	1109	440	422
62	1109	3247	3174
63	1109	5012	4893
64	1109	1321	1284
65	1109	6445	6291
66	1109	4661	4561
67	1109	3511	3415
68	1109	2870	2780
69	1109	3737	3629
70	1109	9008	8799
71	1109	3419	3332
72	1109	5347	5232
73	1109	108	105
74	1109	6495	6319
75	1109	5327	5180
76	1109	6713	6549
77	1109	1828	1797
78	1109	1362	1320
79	1109	2301	2256
80	1109	915	877
81	1109	4348	4219
82	1109	1686	1640
83	1109	985	967
84	1109	7443	7217
85	1109	1499	1436
86	1109	4636	4504
87	1109	4564	4436
88	1109	645	624
89	1109	1960	1907
90	1109	1368	1327
91	1109	4674	4576
92	1109	1810	1749
93	1109	2205	2144
94	1109	888	870
95	1109	1625	1579
96	1109	1660	1607
0	1110	54514	52771
1	1110	2	0
2	1110	225	218
3	1110	2643	2583
4	1110	763	740
5	1110	1837	1781
6	1110	1391	1360
7	1110	5156	5058
8	1110	2728	2657
9	1110	3417	3342
10	1110	1119	1095
11	1110	4826	4709
12	1110	872	836
13	1110	136	118
14	1110	1877	1836
15	1110	1894	1838
16	1110	2751	2681
17	1110	1435	1412
18	1110	3061	2996
19	1110	5753	5617
20	1110	1126	1089
21	1110	1250	1219
22	1110	155	147
23	1110	1297	1257
24	1110	4984	4854
25	1110	99	95
26	1110	977	949
27	1110	3101	3011
28	1110	1404	1360
29	1110	3519	3427
30	1110	8162	7957
31	1110	1189	1148
32	1110	3802	3692
33	1110	1155	1130
34	1110	5434	5297
35	1110	2679	2622
36	1110	1535	1489
37	1110	184	182
38	1110	5738	5616
39	1110	10682	10467
40	1110	2967	2897
41	1110	4031	3914
42	1110	8067	7889
43	1110	2732	2679
44	1110	1637	1587
45	1110	6864	6741
46	1110	3948	3849
47	1110	3319	3237
48	1110	738	708
49	1110	612	589
50	1110	8027	7843
51	1110	9134	8911
52	1110	4587	4480
53	1110	7539	7384
54	1110	3368	3283
55	1110	2554	2505
56	1110	3324	3244
57	1110	607	595
58	1110	4964	4842
59	1110	6478	6344
60	1110	3504	3411
61	1110	500	481
62	1110	3253	3163
63	1110	5036	4900
64	1110	1257	1227
65	1110	6487	6326
66	1110	4585	4475
67	1110	3572	3500
68	1110	2795	2728
69	1110	3733	3623
70	1110	9204	8991
71	1110	3398	3306
72	1110	5240	5112
73	1110	72	69
74	1110	6644	6476
75	1110	5507	5358
76	1110	6679	6499
77	1110	1876	1832
78	1110	1355	1324
79	1110	2412	2360
80	1110	915	885
81	1110	4328	4222
82	1110	1684	1635
83	1110	965	936
84	1110	7321	7088
85	1110	1475	1400
86	1110	4754	4639
87	1110	4607	4489
88	1110	622	598
89	1110	1983	1919
90	1110	1278	1251
91	1110	4680	4589
92	1110	1761	1701
93	1110	2276	2210
94	1110	931	911
95	1110	1601	1554
96	1110	1704	1643
0	1111	54557	52613
1	1111	2	2
2	1111	246	238
3	1111	2650	2583
4	1111	713	686
5	1111	1829	1782
6	1111	1384	1342
7	1111	5139	5010
8	1111	2652	2571
9	1111	3454	3366
10	1111	1029	1006
11	1111	4846	4712
12	1111	979	948
13	1111	161	141
14	1111	1973	1922
15	1111	1820	1772
16	1111	2773	2692
17	1111	1450	1406
18	1111	2845	2763
19	1111	5743	5591
20	1111	1169	1137
21	1111	1167	1140
22	1111	159	155
23	1111	1278	1254
24	1111	4994	4866
25	1111	108	107
26	1111	976	941
27	1111	3077	3009
28	1111	1443	1391
29	1111	3597	3490
30	1111	8344	8089
31	1111	1263	1215
32	1111	3670	3541
33	1111	1193	1160
34	1111	5429	5278
35	1111	2742	2662
36	1111	1532	1486
37	1111	157	151
38	1111	5848	5691
39	1111	10567	10275
40	1111	3077	2981
41	1111	3976	3845
42	1111	8036	7816
43	1111	2688	2613
44	1111	1746	1690
45	1111	6768	6627
46	1111	3992	3888
47	1111	3294	3213
48	1111	678	661
49	1111	661	644
50	1111	7862	7653
51	1111	9172	8923
52	1111	4500	4378
53	1111	7528	7363
54	1111	3405	3325
55	1111	2539	2472
56	1111	3291	3217
57	1111	638	612
58	1111	4923	4792
59	1111	6202	6032
60	1111	3583	3483
61	1111	481	462
62	1111	3282	3209
63	1111	4983	4843
64	1111	1333	1297
65	1111	6552	6390
66	1111	4811	4669
67	1111	3565	3481
68	1111	2935	2843
69	1111	3729	3600
70	1111	9273	9040
71	1111	3431	3343
72	1111	5514	5363
73	1111	92	87
74	1111	6527	6340
75	1111	5487	5340
76	1111	6772	6619
77	1111	1864	1814
78	1111	1342	1288
79	1111	2285	2230
80	1111	977	931
81	1111	4352	4223
82	1111	1657	1595
83	1111	1010	985
84	1111	7413	7179
85	1111	1512	1430
86	1111	4852	4709
87	1111	4528	4423
88	1111	669	644
89	1111	2013	1949
90	1111	1348	1322
91	1111	4721	4601
92	1111	1819	1775
93	1111	2276	2209
94	1111	882	856
95	1111	1577	1534
96	1111	1744	1670
0	1112	54484	52646
1	1112	1	1
2	1112	286	277
3	1112	2791	2713
4	1112	716	697
5	1112	1855	1807
6	1112	1418	1381
7	1112	5277	5147
8	1112	2769	2710
9	1112	3441	3372
10	1112	1057	1032
11	1112	4820	4707
12	1112	960	927
13	1112	171	140
14	1112	1882	1832
15	1112	1892	1843
16	1112	2747	2683
17	1112	1385	1341
18	1112	2998	2923
19	1112	5778	5629
20	1112	1126	1095
21	1112	1192	1164
22	1112	197	191
23	1112	1340	1309
24	1112	4968	4858
25	1112	103	102
26	1112	943	917
27	1112	3036	2973
28	1112	1408	1365
29	1112	3491	3398
30	1112	8008	7799
31	1112	1269	1224
32	1112	3755	3640
33	1112	1163	1129
34	1112	5520	5383
35	1112	2691	2622
36	1112	1472	1429
37	1112	182	177
38	1112	5921	5817
39	1112	10558	10280
40	1112	3013	2945
41	1112	3969	3861
42	1112	8043	7842
43	1112	2743	2668
44	1112	1739	1692
45	1112	7061	6940
46	1112	3994	3904
47	1112	3310	3219
48	1112	716	693
49	1112	629	604
50	1112	7936	7716
51	1112	9060	8808
52	1112	4508	4403
53	1112	7477	7289
54	1112	3373	3282
55	1112	2605	2547
56	1112	3366	3284
57	1112	637	623
58	1112	5153	5013
59	1112	6175	6017
60	1112	3644	3553
61	1112	451	432
62	1112	3362	3265
63	1112	4961	4813
64	1112	1336	1301
65	1112	6605	6451
66	1112	4718	4600
67	1112	3530	3455
68	1112	2969	2897
69	1112	3747	3647
70	1112	9244	9019
71	1112	3577	3492
72	1112	5400	5271
73	1112	99	96
74	1112	6552	6373
75	1112	5499	5353
76	1112	6687	6535
77	1112	1904	1849
78	1112	1427	1380
79	1112	2280	2218
80	1112	928	882
81	1112	4446	4328
82	1112	1678	1622
83	1112	1034	1005
84	1112	7563	7359
85	1112	1512	1432
86	1112	4754	4629
87	1112	4552	4437
88	1112	628	614
89	1112	1929	1882
90	1112	1346	1319
91	1112	4642	4533
92	1112	1814	1770
93	1112	2275	2214
94	1112	878	856
95	1112	1557	1507
96	1112	1631	1568
0	1113	55489	53578
1	1113	1	1
2	1113	267	260
3	1113	2604	2537
4	1113	710	690
5	1113	1764	1711
6	1113	1421	1381
7	1113	5181	5061
8	1113	2736	2694
9	1113	3404	3334
10	1113	1078	1043
11	1113	4899	4782
12	1113	905	871
13	1113	162	138
14	1113	1909	1860
15	1113	1874	1835
16	1113	2698	2623
17	1113	1430	1403
18	1113	2945	2884
19	1113	5717	5570
20	1113	1128	1101
21	1113	1255	1224
22	1113	157	151
23	1113	1251	1226
24	1113	4861	4742
25	1113	104	96
26	1113	992	967
27	1113	3015	2942
28	1113	1404	1353
29	1113	3587	3492
30	1113	8146	7937
31	1113	1240	1189
32	1113	3814	3706
33	1113	1255	1212
34	1113	5506	5366
35	1113	2685	2616
36	1113	1599	1555
37	1113	172	168
38	1113	5904	5770
39	1113	10745	10464
40	1113	2985	2921
41	1113	4040	3939
42	1113	8188	7991
43	1113	2678	2606
44	1113	1788	1741
45	1113	7051	6922
46	1113	4040	3941
47	1113	3216	3118
48	1113	680	656
49	1113	697	675
50	1113	7951	7741
51	1113	9151	8906
52	1113	4459	4350
53	1113	7383	7232
54	1113	3419	3338
55	1113	2573	2505
56	1113	3384	3313
57	1113	633	610
58	1113	5185	5050
59	1113	6351	6174
60	1113	3541	3453
61	1113	512	495
62	1113	3298	3207
63	1113	5162	5037
64	1113	1298	1256
65	1113	6449	6286
66	1113	4651	4543
67	1113	3643	3548
68	1113	2804	2735
69	1113	3770	3671
70	1113	9212	8990
71	1113	3369	3278
72	1113	5517	5392
73	1113	96	95
74	1113	6726	6539
75	1113	5575	5423
76	1113	6596	6431
77	1113	1849	1806
78	1113	1371	1330
79	1113	2314	2266
80	1113	914	865
81	1113	4427	4301
82	1113	1701	1649
83	1113	1033	1010
84	1113	7428	7172
85	1113	1610	1536
86	1113	4760	4646
87	1113	4527	4435
88	1113	638	623
89	1113	1968	1925
90	1113	1343	1317
91	1113	4683	4592
92	1113	1817	1761
93	1113	2230	2180
94	1113	1003	971
95	1113	1605	1559
96	1113	1707	1659
0	1114	54610	52822
1	1114	4	2
2	1114	235	220
3	1114	2724	2666
4	1114	731	715
5	1114	1793	1746
6	1114	1342	1318
7	1114	5148	5034
8	1114	2840	2777
9	1114	3473	3401
10	1114	1019	992
11	1114	4800	4696
12	1114	986	959
13	1114	148	131
14	1114	1862	1822
15	1114	1971	1931
16	1114	2859	2801
17	1114	1441	1397
18	1114	3039	2981
19	1114	5940	5788
20	1114	1101	1068
21	1114	1243	1217
22	1114	168	165
23	1114	1323	1289
24	1114	4947	4847
25	1114	116	110
26	1114	927	905
27	1114	3015	2933
28	1114	1489	1430
29	1114	3526	3430
30	1114	8201	7993
31	1114	1195	1154
32	1114	3907	3803
33	1114	1129	1115
34	1114	5428	5298
35	1114	2748	2675
36	1114	1502	1461
37	1114	173	165
38	1114	5783	5670
39	1114	10687	10467
40	1114	3060	2984
41	1114	3895	3797
42	1114	8244	8043
43	1114	2675	2608
44	1114	1785	1749
45	1114	6918	6801
46	1114	3817	3715
47	1114	3248	3167
48	1114	667	638
49	1114	630	612
50	1114	7943	7798
51	1114	9178	8982
52	1114	4560	4444
53	1114	7438	7298
54	1114	3411	3331
55	1114	2557	2489
56	1114	3298	3224
57	1114	611	594
58	1114	5175	5060
59	1114	6248	6107
60	1114	3617	3533
61	1114	498	484
62	1114	3291	3220
63	1114	5146	5032
64	1114	1394	1357
65	1114	6467	6300
66	1114	4809	4706
67	1114	3662	3587
68	1114	2910	2843
69	1114	3691	3615
70	1114	9161	8928
71	1114	3387	3303
72	1114	5392	5271
73	1114	102	98
74	1114	6801	6630
75	1114	5519	5379
76	1114	6765	6609
77	1114	1998	1954
78	1114	1417	1373
79	1114	2375	2320
80	1114	938	887
81	1114	4522	4409
82	1114	1656	1608
83	1114	1017	997
84	1114	7644	7442
85	1114	1492	1413
86	1114	4792	4665
87	1114	4569	4466
88	1114	651	633
89	1114	2009	1963
90	1114	1346	1316
91	1114	4783	4648
92	1114	1818	1772
93	1114	2258	2198
94	1114	908	886
95	1114	1602	1561
96	1114	1679	1625
0	1115	56087	53950
1	1115	2	2
2	1115	268	260
3	1115	2739	2658
4	1115	746	718
5	1115	1879	1831
6	1115	1391	1349
7	1115	5224	5080
8	1115	2694	2632
9	1115	3470	3394
10	1115	1036	1015
11	1115	4864	4748
12	1115	938	905
13	1115	177	154
14	1115	1942	1890
15	1115	1855	1795
16	1115	2833	2754
17	1115	1463	1421
18	1115	3118	3021
19	1115	5728	5578
20	1115	1148	1113
21	1115	1212	1189
22	1115	191	183
23	1115	1325	1280
24	1115	4938	4837
25	1115	110	103
26	1115	897	866
27	1115	3066	2983
28	1115	1425	1380
29	1115	3488	3398
30	1115	8216	7988
31	1115	1229	1172
32	1115	3771	3660
33	1115	1221	1183
34	1115	5460	5320
35	1115	2630	2570
36	1115	1597	1549
37	1115	163	152
38	1115	5733	5610
39	1115	10717	10412
40	1115	3090	2998
41	1115	3947	3823
42	1115	8268	8053
43	1115	2666	2592
44	1115	1721	1663
45	1115	6995	6866
46	1115	4003	3899
47	1115	3184	3104
48	1115	742	713
49	1115	581	565
50	1115	8200	7989
51	1115	9189	8964
52	1115	4655	4525
53	1115	7638	7460
54	1115	3463	3371
55	1115	2637	2581
56	1115	3400	3307
57	1115	591	568
58	1115	5151	5020
59	1115	6181	6016
60	1115	3561	3465
61	1115	516	500
62	1115	3169	3080
63	1115	5052	4912
64	1115	1370	1324
65	1115	6559	6359
66	1115	4730	4596
67	1115	3698	3621
68	1115	2825	2756
69	1115	3631	3528
70	1115	9261	9027
71	1115	3456	3354
72	1115	5416	5281
73	1115	118	115
74	1115	6681	6499
75	1115	5563	5421
76	1115	6746	6587
77	1115	1916	1880
78	1115	1397	1348
79	1115	2429	2357
80	1115	898	846
81	1115	4495	4381
82	1115	1754	1693
83	1115	986	966
84	1115	7301	7040
85	1115	1492	1406
86	1115	4761	4623
87	1115	4587	4457
88	1115	615	593
89	1115	1992	1939
90	1115	1310	1284
91	1115	4808	4676
92	1115	1755	1685
93	1115	2192	2121
94	1115	930	908
95	1115	1653	1606
96	1115	1687	1617
0	1116	55509	53592
1	1116	1	1
2	1116	244	229
3	1116	2779	2709
4	1116	743	722
5	1116	1913	1857
6	1116	1403	1359
7	1116	5264	5144
8	1116	2854	2800
9	1116	3576	3495
10	1116	1090	1056
11	1116	5001	4889
12	1116	977	944
13	1116	163	139
14	1116	1940	1893
15	1116	1876	1818
16	1116	2818	2736
17	1116	1517	1496
18	1116	3022	2935
19	1116	5938	5780
20	1116	1186	1143
21	1116	1241	1202
22	1116	182	179
23	1116	1319	1285
24	1116	5107	4996
25	1116	101	97
26	1116	968	947
27	1116	3006	2935
28	1116	1498	1454
29	1116	3617	3524
30	1116	8548	8335
31	1116	1223	1169
32	1116	3812	3702
33	1116	1223	1183
34	1116	5569	5442
35	1116	2858	2780
36	1116	1525	1477
37	1116	186	177
38	1116	5853	5744
39	1116	10804	10502
40	1116	3133	3029
41	1116	4009	3901
42	1116	8341	8115
43	1116	2739	2667
44	1116	1771	1706
45	1116	6865	6734
46	1116	4058	3953
47	1116	3367	3272
48	1116	810	786
49	1116	650	634
50	1116	8019	7810
51	1116	9194	8962
52	1116	4607	4502
53	1116	7606	7465
54	1116	3551	3462
55	1116	2597	2529
56	1116	3301	3215
57	1116	644	615
58	1116	5185	5061
59	1116	6381	6234
60	1116	3663	3570
61	1116	452	434
62	1116	3414	3334
63	1116	5103	4978
64	1116	1355	1327
65	1116	6550	6409
66	1116	4802	4681
67	1116	3667	3570
68	1116	3007	2926
69	1116	3801	3689
70	1116	9300	9057
71	1116	3469	3361
72	1116	5623	5491
73	1116	96	92
74	1116	6889	6700
75	1116	5572	5433
76	1116	7009	6848
77	1116	1989	1940
78	1116	1440	1403
79	1116	2380	2333
80	1116	997	941
81	1116	4424	4281
82	1116	1785	1731
83	1116	1014	985
84	1116	7660	7426
85	1116	1440	1359
86	1116	4850	4727
87	1116	4637	4510
88	1116	639	621
89	1116	2068	2017
90	1116	1307	1276
91	1116	4711	4583
92	1116	1739	1683
93	1116	2371	2319
94	1116	948	911
95	1116	1695	1638
96	1116	1666	1590
0	1117	56001	54017
1	1117	2	1
2	1117	265	260
3	1117	2901	2823
4	1117	737	713
5	1117	1815	1766
6	1117	1519	1481
7	1117	5420	5290
8	1117	2934	2862
9	1117	3571	3482
10	1117	1054	1017
11	1117	5021	4888
12	1117	992	964
13	1117	185	159
14	1117	1793	1741
15	1117	1958	1895
16	1117	2723	2657
17	1117	1480	1452
18	1117	3071	2992
19	1117	5976	5829
20	1117	1123	1093
21	1117	1269	1232
22	1117	195	189
23	1117	1344	1307
24	1117	5106	4970
25	1117	108	105
26	1117	965	950
27	1117	3155	3076
28	1117	1479	1422
29	1117	3614	3506
30	1117	8424	8183
31	1117	1214	1178
32	1117	3943	3833
33	1117	1263	1233
34	1117	5595	5451
35	1117	2879	2799
36	1117	1571	1530
37	1117	173	167
38	1117	5874	5761
39	1117	11154	10845
40	1117	3072	3004
41	1117	4104	3996
42	1117	8517	8322
43	1117	2709	2623
44	1117	1802	1758
45	1117	7030	6905
46	1117	4014	3889
47	1117	3311	3224
48	1117	723	694
49	1117	700	683
50	1117	8065	7853
51	1117	9226	8987
52	1117	4624	4517
53	1117	7626	7437
54	1117	3487	3399
55	1117	2652	2594
56	1117	3418	3328
57	1117	629	613
58	1117	5261	5132
59	1117	6418	6251
60	1117	3674	3569
61	1117	475	462
62	1117	3438	3352
63	1117	5262	5112
64	1117	1376	1334
65	1117	6650	6470
66	1117	4760	4644
67	1117	3648	3538
68	1117	2947	2843
69	1117	3862	3751
70	1117	9478	9239
71	1117	3457	3369
72	1117	5492	5344
73	1117	123	120
74	1117	6737	6542
75	1117	5582	5433
76	1117	6913	6742
77	1117	1913	1863
78	1117	1415	1373
79	1117	2489	2417
80	1117	1006	951
81	1117	4626	4487
82	1117	1693	1653
83	1117	1011	988
84	1117	7449	7174
85	1117	1590	1506
86	1117	4842	4704
87	1117	4645	4519
88	1117	654	636
89	1117	2046	1989
90	1117	1373	1339
91	1117	4867	4767
92	1117	1895	1841
93	1117	2339	2252
94	1117	963	940
95	1117	1657	1615
96	1117	1757	1681
0	1118	57460	55405
1	1118	3	2
2	1118	268	253
3	1118	2824	2754
4	1118	736	718
5	1118	1932	1877
6	1118	1446	1404
7	1118	5258	5147
8	1118	2770	2703
9	1118	3671	3571
10	1118	1089	1062
11	1118	5058	4932
12	1118	1071	1046
13	1118	170	148
14	1118	2025	1964
15	1118	1914	1859
16	1118	2804	2745
17	1118	1455	1414
18	1118	3132	3046
19	1118	5950	5811
20	1118	1106	1083
21	1118	1262	1234
22	1118	166	159
23	1118	1369	1332
24	1118	5072	4975
25	1118	129	126
26	1118	987	964
27	1118	3175	3090
28	1118	1493	1436
29	1118	3675	3588
30	1118	8437	8187
31	1118	1282	1240
32	1118	3916	3816
33	1118	1233	1196
34	1118	5510	5371
35	1118	2854	2771
36	1118	1586	1548
37	1118	181	179
38	1118	5935	5817
39	1118	10681	10412
40	1118	3120	3032
41	1118	3972	3885
42	1118	8370	8163
43	1118	2840	2760
44	1118	1802	1739
45	1118	6943	6827
46	1118	4239	4152
47	1118	3370	3272
48	1118	717	688
49	1118	710	688
50	1118	8249	8071
51	1118	9325	9099
52	1118	4678	4544
53	1118	7790	7645
54	1118	3507	3416
55	1118	2716	2672
56	1118	3321	3246
57	1118	575	557
58	1118	5129	5013
59	1118	6548	6386
60	1118	3730	3652
61	1118	449	433
62	1118	3408	3346
63	1118	5255	5109
64	1118	1376	1346
65	1118	6546	6387
66	1118	4831	4698
67	1118	3715	3638
68	1118	3021	2937
69	1118	3865	3754
70	1118	9505	9246
71	1118	3511	3409
72	1118	5588	5471
73	1118	115	110
74	1118	6910	6725
75	1118	5759	5622
76	1118	6920	6775
77	1118	1894	1843
78	1118	1419	1379
79	1118	2365	2307
80	1118	991	935
81	1118	4497	4379
82	1118	1771	1721
83	1118	963	927
84	1118	7502	7239
85	1118	1554	1475
86	1118	4880	4753
87	1118	4708	4620
88	1118	684	668
89	1118	2002	1953
90	1118	1318	1292
91	1118	4833	4717
92	1118	1841	1786
93	1118	2285	2235
94	1118	886	853
95	1118	1628	1577
96	1118	1682	1627
0	1119	57891	55583
1	1119	2	1
2	1119	289	278
3	1119	2769	2699
4	1119	757	742
5	1119	1885	1836
6	1119	1475	1417
7	1119	5412	5257
8	1119	2882	2814
9	1119	3603	3511
10	1119	1016	981
11	1119	4981	4847
12	1119	974	938
13	1119	173	147
14	1119	1981	1926
15	1119	1884	1824
16	1119	2846	2773
17	1119	1516	1483
18	1119	3108	3014
19	1119	5879	5715
20	1119	1139	1098
21	1119	1292	1254
22	1119	187	182
23	1119	1371	1334
24	1119	5112	4973
25	1119	112	101
26	1119	980	956
27	1119	3136	3028
28	1119	1434	1385
29	1119	3720	3623
30	1119	8432	8191
31	1119	1275	1221
32	1119	3908	3781
33	1119	1213	1176
34	1119	5451	5302
35	1119	2851	2767
36	1119	1549	1502
37	1119	158	151
38	1119	5866	5727
39	1119	10830	10530
40	1119	3182	3072
41	1119	4094	3983
42	1119	8388	8136
43	1119	2797	2711
44	1119	1761	1701
45	1119	7040	6887
46	1119	4076	3969
47	1119	3379	3290
48	1119	758	728
49	1119	685	650
50	1119	8232	7995
51	1119	9428	9182
52	1119	4812	4680
53	1119	7757	7596
54	1119	3474	3394
55	1119	2527	2446
56	1119	3383	3285
57	1119	603	591
58	1119	5129	4976
59	1119	6464	6284
60	1119	3789	3674
61	1119	490	469
62	1119	3345	3251
63	1119	5283	5135
64	1119	1338	1297
65	1119	6529	6325
66	1119	4781	4657
67	1119	3691	3575
68	1119	3015	2912
69	1119	3883	3751
70	1119	9595	9319
71	1119	3496	3395
72	1119	5659	5506
73	1119	105	99
74	1119	6803	6609
75	1119	5689	5528
76	1119	7002	6824
77	1119	2036	1963
78	1119	1407	1361
79	1119	2552	2462
80	1119	981	926
81	1119	4571	4428
82	1119	1699	1643
83	1119	1073	1041
84	1119	7638	7324
85	1119	1503	1417
86	1119	4917	4751
87	1119	4643	4500
88	1119	645	615
89	1119	2081	2021
90	1119	1342	1317
91	1119	4871	4712
92	1119	1778	1719
93	1119	2379	2301
94	1119	932	902
95	1119	1746	1693
96	1119	1656	1564
0	2101	53173	51131
1	2101	3	2
2	2101	245	236
3	2101	2495	2417
4	2101	654	629
5	2101	1684	1637
6	2101	1240	1209
7	2101	4902	4776
8	2101	2535	2484
9	2101	3269	3175
10	2101	1044	1015
11	2101	4491	4367
12	2101	878	845
13	2101	179	153
14	2101	1779	1725
15	2101	1760	1715
16	2101	2706	2633
17	2101	1387	1340
18	2101	2887	2817
19	2101	5394	5253
20	2101	1091	1063
21	2101	1135	1101
22	2101	154	151
23	2101	1255	1210
24	2101	4600	4483
25	2101	96	92
26	2101	902	880
27	2101	2902	2840
28	2101	1356	1315
29	2101	3298	3210
30	2101	7740	7539
31	2101	1128	1077
32	2101	3494	3401
33	2101	1103	1086
34	2101	5042	4904
35	2101	2538	2468
36	2101	1434	1385
37	2101	162	158
38	2101	5349	5219
39	2101	10000	9718
40	2101	2842	2743
41	2101	3694	3586
42	2101	7590	7400
43	2101	2533	2466
44	2101	1636	1603
45	2101	6513	6374
46	2101	3767	3655
47	2101	3126	3038
48	2101	685	665
49	2101	650	631
50	2101	7300	7104
51	2101	8512	8317
52	2101	4249	4135
53	2101	7112	6948
54	2101	3267	3183
55	2101	2439	2380
56	2101	3092	3004
57	2101	549	533
58	2101	4863	4732
59	2101	5888	5715
60	2101	3422	3328
61	2101	437	422
62	2101	3075	3001
63	2101	4815	4684
64	2101	1213	1188
65	2101	6072	5887
66	2101	4459	4348
67	2101	3469	3396
68	2101	2744	2677
69	2101	3543	3452
70	2101	8560	8336
71	2101	3271	3178
72	2101	5002	4910
73	2101	106	102
74	2101	6437	6221
75	2101	5109	4970
76	2101	6403	6238
77	2101	1699	1656
78	2101	1273	1227
79	2101	2201	2145
80	2101	892	836
81	2101	4196	4078
82	2101	1445	1397
83	2101	974	939
84	2101	6897	6672
85	2101	1417	1331
86	2101	4545	4413
87	2101	4181	4089
88	2101	601	591
89	2101	1902	1849
90	2101	1213	1189
91	2101	4507	4388
92	2101	1789	1714
93	2101	2154	2096
94	2101	806	787
95	2101	1521	1482
96	2101	1595	1523
0	2102	53508	51685
1	2102	2	2
2	2102	237	225
3	2102	2638	2574
4	2102	650	626
5	2102	1735	1679
6	2102	1324	1294
7	2102	4810	4714
8	2102	2646	2575
9	2102	3244	3148
10	2102	1018	995
11	2102	4610	4515
12	2102	926	897
13	2102	203	163
14	2102	1792	1742
15	2102	1776	1738
16	2102	2603	2553
17	2102	1360	1317
18	2102	2772	2704
19	2102	5515	5379
20	2102	1095	1071
21	2102	1153	1127
22	2102	198	190
23	2102	1232	1210
24	2102	4829	4707
25	2102	88	82
26	2102	913	887
27	2102	2909	2846
28	2102	1335	1284
29	2102	3257	3173
30	2102	7596	7395
31	2102	1113	1075
32	2102	3375	3281
33	2102	1138	1111
34	2102	5080	4944
35	2102	2432	2376
36	2102	1378	1348
37	2102	161	157
38	2102	5475	5348
39	2102	9904	9685
40	2102	2909	2835
41	2102	3675	3578
42	2102	7736	7550
43	2102	2465	2409
44	2102	1705	1655
45	2102	6487	6362
46	2102	3752	3656
47	2102	3039	2965
48	2102	673	651
49	2102	573	563
50	2102	7338	7143
51	2102	8517	8314
52	2102	4248	4120
53	2102	6954	6808
54	2102	3221	3137
55	2102	2449	2399
56	2102	3047	2983
57	2102	603	588
58	2102	4691	4577
59	2102	5836	5711
60	2102	3238	3162
61	2102	435	424
62	2102	2990	2921
63	2102	4752	4626
64	2102	1264	1227
65	2102	6099	5962
66	2102	4354	4255
67	2102	3415	3343
68	2102	2707	2630
69	2102	3536	3439
70	2102	8545	8322
71	2102	3175	3097
72	2102	5000	4904
73	2102	95	92
74	2102	6114	5947
75	2102	5128	5015
76	2102	6361	6228
77	2102	1807	1756
78	2102	1351	1310
79	2102	2212	2165
80	2102	865	814
81	2102	4187	4061
82	2102	1596	1559
83	2102	968	941
84	2102	7020	6815
85	2102	1483	1398
86	2102	4354	4231
87	2102	4306	4212
88	2102	614	600
89	2102	1959	1903
90	2102	1278	1250
91	2102	4572	4457
92	2102	1644	1594
93	2102	2101	2063
94	2102	838	815
95	2102	1554	1506
96	2102	1658	1596
0	2103	51881	49885
1	2103	3	1
2	2103	239	228
3	2103	2579	2507
4	2103	658	640
5	2103	1767	1719
6	2103	1253	1220
7	2103	4871	4745
8	2103	2603	2522
9	2103	3379	3276
10	2103	1045	1011
11	2103	4498	4366
12	2103	901	874
13	2103	170	131
14	2103	1814	1771
15	2103	1835	1781
16	2103	2645	2569
17	2103	1323	1288
18	2103	2830	2763
19	2103	5425	5283
20	2103	1034	1007
21	2103	1196	1158
22	2103	157	152
23	2103	1296	1258
24	2103	4576	4457
25	2103	110	108
26	2103	888	857
27	2103	2804	2724
28	2103	1329	1284
29	2103	3222	3137
30	2103	7891	7637
31	2103	1190	1140
32	2103	3488	3376
33	2103	1106	1070
34	2103	4977	4834
35	2103	2547	2465
36	2103	1402	1357
37	2103	178	173
38	2103	5253	5129
39	2103	9673	9397
40	2103	2784	2699
41	2103	3735	3621
42	2103	7339	7156
43	2103	2511	2432
44	2103	1687	1618
45	2103	6478	6356
46	2103	3703	3579
47	2103	3066	2965
48	2103	686	662
49	2103	611	592
50	2103	7496	7306
51	2103	8525	8289
52	2103	4261	4165
53	2103	7037	6849
54	2103	3254	3154
55	2103	2529	2458
56	2103	3014	2940
57	2103	549	534
58	2103	4768	4638
59	2103	5804	5640
60	2103	3377	3285
61	2103	442	427
62	2103	3066	2979
63	2103	4678	4525
64	2103	1233	1207
65	2103	5935	5785
66	2103	4427	4303
67	2103	3325	3237
68	2103	2772	2696
69	2103	3505	3403
70	2103	8672	8445
71	2103	3165	3087
72	2103	5161	5024
73	2103	86	81
74	2103	6216	6057
75	2103	5146	5018
76	2103	6364	6193
77	2103	1707	1647
78	2103	1347	1303
79	2103	2209	2158
80	2103	889	841
81	2103	4210	4079
82	2103	1513	1470
83	2103	940	910
84	2103	6858	6651
85	2103	1456	1357
86	2103	4487	4360
87	2103	4300	4175
88	2103	592	566
89	2103	1849	1780
90	2103	1261	1230
91	2103	4502	4379
92	2103	1707	1647
93	2103	2102	2045
94	2103	848	818
95	2103	1519	1459
96	2103	1651	1577
0	2104	52445	50462
1	2104	3	1
2	2104	248	238
3	2104	2571	2494
4	2104	717	695
5	2104	1721	1663
6	2104	1344	1311
7	2104	4785	4646
8	2104	2695	2629
9	2104	3341	3252
10	2104	1033	998
11	2104	4580	4467
12	2104	891	860
13	2104	174	147
14	2104	1792	1750
15	2104	1821	1782
16	2104	2646	2576
17	2104	1357	1318
18	2104	2830	2759
19	2104	5541	5408
20	2104	1064	1028
21	2104	1124	1096
22	2104	160	155
23	2104	1245	1206
24	2104	4742	4623
25	2104	103	102
26	2104	951	921
27	2104	2874	2801
28	2104	1359	1306
29	2104	3396	3306
30	2104	7574	7344
31	2104	1109	1054
32	2104	3585	3484
33	2104	1094	1060
34	2104	5300	5162
35	2104	2617	2552
36	2104	1396	1370
37	2104	168	162
38	2104	5665	5548
39	2104	10209	9937
40	2104	2830	2751
41	2104	3748	3652
42	2104	7641	7448
43	2104	2558	2491
44	2104	1656	1607
45	2104	6564	6413
46	2104	3671	3568
47	2104	3014	2941
48	2104	663	635
49	2104	587	566
50	2104	7483	7268
51	2104	8331	8112
52	2104	4144	4029
53	2104	7071	6902
54	2104	3145	3055
55	2104	2370	2310
56	2104	3069	2970
57	2104	533	516
58	2104	4760	4633
59	2104	5922	5771
60	2104	3424	3339
61	2104	443	424
62	2104	3134	3058
63	2104	4796	4649
64	2104	1194	1166
65	2104	6071	5894
66	2104	4303	4187
67	2104	3391	3306
68	2104	2738	2674
69	2104	3504	3404
70	2104	8583	8366
71	2104	3243	3174
72	2104	5166	5029
73	2104	95	90
74	2104	6183	6022
75	2104	5340	5205
76	2104	6133	5973
77	2104	1822	1776
78	2104	1309	1265
79	2104	2251	2196
80	2104	839	796
81	2104	4204	4093
82	2104	1585	1537
83	2104	958	932
84	2104	7115	6914
85	2104	1461	1379
86	2104	4489	4366
87	2104	4289	4175
88	2104	627	609
89	2104	1933	1879
90	2104	1214	1181
91	2104	4452	4335
92	2104	1716	1662
93	2104	2113	2059
94	2104	836	817
95	2104	1588	1556
96	2104	1573	1499
0	2105	52316	50276
1	2105	2	1
2	2105	244	235
3	2105	2568	2506
4	2105	647	620
5	2105	1777	1719
6	2105	1285	1241
7	2105	4943	4795
8	2105	2584	2514
9	2105	3276	3192
10	2105	1018	988
11	2105	4469	4340
12	2105	887	853
13	2105	183	148
14	2105	1772	1720
15	2105	1792	1754
16	2105	2618	2549
17	2105	1351	1309
18	2105	2760	2688
19	2105	5432	5269
20	2105	1015	987
21	2105	1187	1150
22	2105	167	161
23	2105	1225	1193
24	2105	4701	4583
25	2105	111	107
26	2105	919	888
27	2105	2820	2748
28	2105	1429	1374
29	2105	3325	3220
30	2105	7715	7434
31	2105	1137	1089
32	2105	3537	3432
33	2105	1161	1132
34	2105	5269	5126
35	2105	2560	2472
36	2105	1468	1431
37	2105	144	141
38	2105	5372	5225
39	2105	10086	9804
40	2105	2777	2705
41	2105	3723	3596
42	2105	7731	7503
43	2105	2516	2445
44	2105	1699	1651
45	2105	6417	6276
46	2105	3795	3668
47	2105	2965	2869
48	2105	668	630
49	2105	629	602
50	2105	7541	7337
51	2105	8518	8292
52	2105	4263	4146
53	2105	7072	6875
54	2105	3199	3096
55	2105	2390	2307
56	2105	3134	3043
57	2105	551	519
58	2105	4805	4669
59	2105	5871	5708
60	2105	3343	3234
61	2105	479	455
62	2105	3160	3060
63	2105	4752	4609
64	2105	1212	1176
65	2105	6119	5931
66	2105	4479	4360
67	2105	3457	3352
68	2105	2857	2769
69	2105	3398	3291
70	2105	8603	8323
71	2105	3235	3134
72	2105	5244	5102
73	2105	82	79
74	2105	6198	5970
75	2105	5249	5106
76	2105	6436	6264
77	2105	1756	1698
78	2105	1281	1234
79	2105	2189	2123
80	2105	901	850
81	2105	4095	3961
82	2105	1582	1531
83	2105	939	907
84	2105	6873	6633
85	2105	1433	1349
86	2105	4508	4378
87	2105	4212	4098
88	2105	625	608
89	2105	1845	1790
90	2105	1249	1221
91	2105	4323	4184
92	2105	1709	1633
93	2105	2057	1990
94	2105	834	808
95	2105	1610	1558
96	2105	1639	1570
0	2106	52456	50480
1	2106	2	1
2	2106	233	226
3	2106	2675	2599
4	2106	686	664
5	2106	1720	1669
6	2106	1274	1245
7	2106	4980	4864
8	2106	2550	2483
9	2106	3327	3229
10	2106	932	904
11	2106	4517	4391
12	2106	881	858
13	2106	169	145
14	2106	1822	1766
15	2106	1784	1735
16	2106	2571	2494
17	2106	1431	1395
18	2106	2963	2868
19	2106	5490	5367
20	2106	1068	1035
21	2106	1189	1160
22	2106	170	168
23	2106	1234	1198
24	2106	4627	4495
25	2106	101	93
26	2106	949	917
27	2106	2849	2767
28	2106	1365	1315
29	2106	3386	3281
30	2106	7936	7699
31	2106	1189	1131
32	2106	3508	3401
33	2106	1119	1095
34	2106	5135	4989
35	2106	2593	2526
36	2106	1453	1408
37	2106	182	170
38	2106	5598	5468
39	2106	10129	9842
40	2106	2909	2822
41	2106	3735	3623
42	2106	7814	7599
43	2106	2575	2510
44	2106	1667	1600
45	2106	6487	6352
46	2106	3791	3680
47	2106	3189	3097
48	2106	673	643
49	2106	593	572
50	2106	7422	7250
51	2106	8418	8202
52	2106	4267	4149
53	2106	7164	6977
54	2106	3205	3108
55	2106	2485	2409
56	2106	3060	2984
57	2106	594	580
58	2106	4684	4575
59	2106	5986	5831
60	2106	3474	3370
61	2106	473	458
62	2106	3090	3018
63	2106	4794	4652
64	2106	1249	1214
65	2106	6044	5872
66	2106	4501	4402
67	2106	3411	3327
68	2106	2725	2630
69	2106	3432	3343
70	2106	8843	8595
71	2106	3231	3128
72	2106	5296	5156
73	2106	103	97
74	2106	6273	6086
75	2106	5192	5058
76	2106	6395	6227
77	2106	1721	1679
78	2106	1362	1325
79	2106	2198	2135
80	2106	912	856
81	2106	4270	4146
82	2106	1594	1559
83	2106	935	914
84	2106	7130	6911
85	2106	1367	1287
86	2106	4537	4423
87	2106	4283	4169
88	2106	597	582
89	2106	1908	1857
90	2106	1226	1199
91	2106	4479	4374
92	2106	1708	1649
93	2106	2062	2012
94	2106	792	766
95	2106	1521	1464
96	2106	1523	1451
0	2107	53161	50763
1	2107	1	1
2	2107	219	203
3	2107	2590	2508
4	2107	746	724
5	2107	1762	1704
6	2107	1318	1273
7	2107	4814	4661
8	2107	2651	2575
9	2107	3367	3272
10	2107	1009	968
11	2107	4526	4400
12	2107	909	872
13	2107	170	132
14	2107	1751	1680
15	2107	1761	1709
16	2107	2605	2530
17	2107	1365	1333
18	2107	2833	2758
19	2107	5469	5318
20	2107	1092	1052
21	2107	1177	1144
22	2107	187	176
23	2107	1211	1173
24	2107	4672	4541
25	2107	115	109
26	2107	844	816
27	2107	2881	2784
28	2107	1402	1363
29	2107	3380	3284
30	2107	7792	7522
31	2107	1145	1089
32	2107	3525	3397
33	2107	1137	1098
34	2107	5200	5049
35	2107	2488	2387
36	2107	1472	1413
37	2107	168	162
38	2107	5610	5462
39	2107	10148	9814
40	2107	2931	2835
41	2107	3718	3585
42	2107	7565	7363
43	2107	2540	2447
44	2107	1611	1544
45	2107	6689	6542
46	2107	3843	3727
47	2107	3057	2950
48	2107	701	676
49	2107	596	566
50	2107	7436	7216
51	2107	8567	8299
52	2107	4200	4084
53	2107	7125	6939
54	2107	3280	3182
55	2107	2319	2250
56	2107	3078	2991
57	2107	603	583
58	2107	4771	4624
59	2107	6003	5795
60	2107	3433	3320
61	2107	471	449
62	2107	3069	2980
63	2107	4732	4556
64	2107	1289	1234
65	2107	5967	5790
66	2107	4507	4365
67	2107	3536	3417
68	2107	2816	2714
69	2107	3562	3427
70	2107	8701	8448
71	2107	3155	3044
72	2107	5094	4939
73	2107	77	77
74	2107	6126	5924
75	2107	5223	5045
76	2107	6331	6153
77	2107	1846	1785
78	2107	1279	1229
79	2107	2235	2172
80	2107	936	878
81	2107	4252	4103
82	2107	1644	1583
83	2107	952	913
84	2107	7049	6787
85	2107	1469	1369
86	2107	4534	4355
87	2107	4373	4250
88	2107	585	559
89	2107	1908	1843
90	2107	1331	1297
91	2107	4523	4387
92	2107	1675	1611
93	2107	2092	2020
94	2107	799	763
95	2107	1573	1521
96	2107	1604	1544
0	2108	53194	51022
1	2108	1	1
2	2108	269	261
3	2108	2607	2538
4	2108	709	679
5	2108	1685	1639
6	2108	1318	1285
7	2108	5012	4872
8	2108	2638	2564
9	2108	3411	3305
10	2108	1011	977
11	2108	4694	4557
12	2108	839	795
13	2108	204	182
14	2108	1816	1772
15	2108	1806	1755
16	2108	2549	2475
17	2108	1437	1393
18	2108	2907	2829
19	2108	5486	5341
20	2108	1131	1102
21	2108	1186	1143
22	2108	153	148
23	2108	1203	1171
24	2108	4671	4536
25	2108	113	108
26	2108	919	887
27	2108	2917	2825
28	2108	1408	1359
29	2108	3476	3383
30	2108	7605	7384
31	2108	1124	1071
32	2108	3585	3475
33	2108	1154	1131
34	2108	5315	5159
35	2108	2657	2554
36	2108	1448	1390
37	2108	166	158
38	2108	5586	5461
39	2108	10075	9805
40	2108	2872	2802
41	2108	3716	3611
42	2108	7668	7449
43	2108	2650	2576
44	2108	1613	1553
45	2108	6563	6435
46	2108	3742	3646
47	2108	3059	2972
48	2108	711	682
49	2108	652	628
50	2108	7614	7397
51	2108	8751	8508
52	2108	4396	4278
53	2108	7179	6984
54	2108	3346	3249
55	2108	2495	2426
56	2108	3123	3031
57	2108	569	551
58	2108	4710	4576
59	2108	6029	5851
60	2108	3450	3347
61	2108	417	402
62	2108	3047	2946
63	2108	4879	4743
64	2108	1211	1179
65	2108	6289	6071
66	2108	4624	4497
67	2108	3459	3360
68	2108	2802	2725
69	2108	3466	3367
70	2108	8898	8660
71	2108	3270	3175
72	2108	5200	5051
73	2108	85	81
74	2108	6303	6098
75	2108	5329	5176
76	2108	6424	6255
77	2108	1756	1713
78	2108	1270	1225
79	2108	2239	2176
80	2108	916	861
81	2108	4114	3998
82	2108	1639	1587
83	2108	976	948
84	2108	7108	6878
85	2108	1420	1343
86	2108	4437	4313
87	2108	4155	4043
88	2108	622	597
89	2108	1957	1900
90	2108	1204	1173
91	2108	4437	4315
92	2108	1670	1606
93	2108	2211	2141
94	2108	816	795
95	2108	1495	1449
96	2108	1674	1590
0	2109	53175	51101
1	2109	5	4
2	2109	244	237
3	2109	2626	2543
4	2109	659	636
5	2109	1737	1695
6	2109	1394	1353
7	2109	4940	4808
8	2109	2664	2582
9	2109	3357	3246
10	2109	1080	1042
11	2109	4690	4547
12	2109	907	868
13	2109	168	136
14	2109	1880	1831
15	2109	1829	1772
16	2109	2662	2599
17	2109	1353	1314
18	2109	2897	2816
19	2109	5431	5243
20	2109	1108	1068
21	2109	1185	1137
22	2109	158	154
23	2109	1266	1227
24	2109	4752	4626
25	2109	91	85
26	2109	899	869
27	2109	3005	2942
28	2109	1398	1338
29	2109	3390	3311
30	2109	7905	7655
31	2109	1198	1144
32	2109	3583	3478
33	2109	1157	1121
34	2109	5113	4979
35	2109	2561	2476
36	2109	1466	1407
37	2109	150	143
38	2109	5472	5324
39	2109	10227	9910
40	2109	2836	2740
41	2109	3705	3605
42	2109	7739	7532
43	2109	2571	2502
44	2109	1687	1618
45	2109	6270	6127
46	2109	3752	3649
47	2109	3108	3015
48	2109	696	667
49	2109	632	614
50	2109	7655	7430
51	2109	8642	8383
52	2109	4456	4305
53	2109	7055	6885
54	2109	3325	3223
55	2109	2556	2473
56	2109	3143	3043
57	2109	655	629
58	2109	4737	4599
59	2109	6124	5964
60	2109	3367	3267
61	2109	455	444
62	2109	3107	2996
63	2109	4819	4631
64	2109	1318	1264
65	2109	6190	5998
66	2109	4520	4380
67	2109	3508	3410
68	2109	2751	2660
69	2109	3564	3469
70	2109	8681	8428
71	2109	3359	3253
72	2109	5199	5067
73	2109	115	107
74	2109	6233	6037
75	2109	5210	5039
76	2109	6532	6347
77	2109	1894	1837
78	2109	1322	1269
79	2109	2238	2172
80	2109	913	853
81	2109	4256	4137
82	2109	1548	1483
83	2109	963	936
84	2109	7125	6886
85	2109	1448	1352
86	2109	4569	4438
87	2109	4478	4333
88	2109	603	582
89	2109	1904	1858
90	2109	1260	1214
91	2109	4623	4492
92	2109	1802	1737
93	2109	2171	2109
94	2109	837	812
95	2109	1625	1578
96	2109	1621	1557
0	2110	53683	51617
1	2110	3	2
2	2110	240	235
3	2110	2714	2645
4	2110	729	712
5	2110	1777	1728
6	2110	1322	1282
7	2110	5034	4917
8	2110	2661	2606
9	2110	3385	3292
10	2110	1022	993
11	2110	4547	4408
12	2110	903	873
13	2110	161	139
14	2110	1882	1845
15	2110	1820	1780
16	2110	2600	2535
17	2110	1366	1337
18	2110	3028	2932
19	2110	5299	5161
20	2110	1129	1103
21	2110	1123	1093
22	2110	162	158
23	2110	1309	1282
24	2110	4689	4574
25	2110	101	98
26	2110	931	904
27	2110	2905	2832
28	2110	1347	1291
29	2110	3427	3322
30	2110	7928	7697
31	2110	1226	1176
32	2110	3684	3586
33	2110	1137	1100
34	2110	5263	5132
35	2110	2560	2493
36	2110	1430	1367
37	2110	143	137
38	2110	5602	5484
39	2110	10306	10021
40	2110	2902	2815
41	2110	3795	3685
42	2110	7688	7494
43	2110	2551	2476
44	2110	1748	1687
45	2110	6571	6463
46	2110	3938	3843
47	2110	3173	3097
48	2110	768	740
49	2110	639	627
50	2110	7573	7379
51	2110	8770	8526
52	2110	4439	4318
53	2110	7226	7073
54	2110	3340	3261
55	2110	2496	2434
56	2110	3106	3039
57	2110	612	596
58	2110	4892	4756
59	2110	6143	5961
60	2110	3457	3365
61	2110	432	418
62	2110	3230	3129
63	2110	4924	4804
64	2110	1304	1264
65	2110	6169	6007
66	2110	4665	4535
67	2110	3446	3350
68	2110	2861	2787
69	2110	3541	3459
70	2110	8822	8597
71	2110	3338	3246
72	2110	5330	5178
73	2110	94	87
74	2110	6305	6110
75	2110	5197	5048
76	2110	6453	6287
77	2110	1815	1760
78	2110	1346	1304
79	2110	2244	2172
80	2110	893	854
81	2110	4221	4113
82	2110	1553	1497
83	2110	992	966
84	2110	7022	6784
85	2110	1446	1354
86	2110	4511	4385
87	2110	4276	4173
88	2110	687	670
89	2110	1896	1852
90	2110	1221	1187
91	2110	4603	4490
92	2110	1697	1638
93	2110	2211	2143
94	2110	831	818
95	2110	1511	1474
96	2110	1575	1516
0	2111	54028	52015
1	2111	2	1
2	2111	255	245
3	2111	2606	2535
4	2111	697	672
5	2111	1763	1715
6	2111	1338	1304
7	2111	5044	4909
8	2111	2681	2606
9	2111	3408	3316
10	2111	1022	982
11	2111	4690	4575
12	2111	923	891
13	2111	185	149
14	2111	1849	1790
15	2111	1772	1720
16	2111	2668	2593
17	2111	1375	1334
18	2111	2878	2787
19	2111	5505	5365
20	2111	1101	1073
21	2111	1183	1140
22	2111	155	148
23	2111	1296	1254
24	2111	4716	4570
25	2111	127	119
26	2111	913	880
27	2111	2913	2832
28	2111	1428	1378
29	2111	3421	3325
30	2111	7838	7613
31	2111	1164	1120
32	2111	3731	3628
33	2111	1135	1104
34	2111	5295	5156
35	2111	2593	2522
36	2111	1399	1359
37	2111	183	177
38	2111	5577	5470
39	2111	10132	9849
40	2111	2840	2739
41	2111	3794	3680
42	2111	7880	7656
43	2111	2611	2527
44	2111	1650	1578
45	2111	6622	6490
46	2111	3813	3698
47	2111	3090	3002
48	2111	688	658
49	2111	625	600
50	2111	7728	7505
51	2111	8713	8460
52	2111	4435	4305
53	2111	7266	7101
54	2111	3319	3231
55	2111	2499	2423
56	2111	3216	3120
57	2111	577	538
58	2111	4855	4738
59	2111	6053	5871
60	2111	3542	3453
61	2111	439	421
62	2111	3210	3112
63	2111	4901	4769
64	2111	1259	1213
65	2111	6253	6081
66	2111	4525	4399
67	2111	3456	3361
68	2111	2859	2779
69	2111	3552	3456
70	2111	8931	8666
71	2111	3360	3249
72	2111	5235	5083
73	2111	87	83
74	2111	6435	6223
75	2111	5190	5036
76	2111	6610	6427
77	2111	1822	1766
78	2111	1294	1248
79	2111	2276	2211
80	2111	938	884
81	2111	4184	4061
82	2111	1630	1579
83	2111	961	936
84	2111	7215	6995
85	2111	1502	1421
86	2111	4663	4529
87	2111	4340	4237
88	2111	653	632
89	2111	1866	1814
90	2111	1280	1244
91	2111	4507	4377
92	2111	1664	1614
93	2111	2188	2117
94	2111	883	861
95	2111	1548	1508
96	2111	1698	1618
0	2112	53738	51638
1	2112	3	1
2	2112	250	236
3	2112	2697	2602
4	2112	665	649
5	2112	1801	1760
6	2112	1405	1365
7	2112	5102	4968
8	2112	2657	2573
9	2112	3315	3217
10	2112	1016	974
11	2112	4713	4567
12	2112	922	893
13	2112	165	136
14	2112	1810	1758
15	2112	1804	1739
16	2112	2685	2598
17	2112	1394	1358
18	2112	2992	2900
19	2112	5587	5419
20	2112	1089	1061
21	2112	1177	1147
22	2112	181	173
23	2112	1177	1138
24	2112	4820	4694
25	2112	114	109
26	2112	955	925
27	2112	2999	2935
28	2112	1422	1382
29	2112	3399	3310
30	2112	7963	7712
31	2112	1148	1105
32	2112	3615	3500
33	2112	1193	1141
34	2112	5229	5081
35	2112	2604	2532
36	2112	1555	1505
37	2112	154	151
38	2112	5606	5457
39	2112	10498	10165
40	2112	2934	2845
41	2112	3782	3685
42	2112	7982	7778
43	2112	2579	2509
44	2112	1663	1612
45	2112	6629	6500
46	2112	3858	3749
47	2112	3153	3064
48	2112	705	671
49	2112	606	587
50	2112	7761	7543
51	2112	8783	8515
52	2112	4407	4284
53	2112	7366	7201
54	2112	3216	3114
55	2112	2512	2433
56	2112	3168	3081
57	2112	591	569
58	2112	4907	4758
59	2112	6127	5936
60	2112	3539	3430
61	2112	441	431
62	2112	3254	3183
63	2112	4887	4722
64	2112	1311	1274
65	2112	6230	6042
66	2112	4573	4444
67	2112	3409	3302
68	2112	2755	2648
69	2112	3649	3542
70	2112	8819	8562
71	2112	3229	3131
72	2112	5230	5095
73	2112	97	92
74	2112	6316	6107
75	2112	5253	5091
76	2112	6518	6364
77	2112	1839	1782
78	2112	1297	1239
79	2112	2214	2160
80	2112	912	845
81	2112	4326	4194
82	2112	1724	1669
83	2112	958	925
84	2112	6999	6729
85	2112	1482	1375
86	2112	4568	4440
87	2112	4316	4186
88	2112	618	599
89	2112	1954	1885
90	2112	1271	1231
91	2112	4506	4390
92	2112	1698	1632
93	2112	2236	2170
94	2112	871	851
95	2112	1578	1519
96	2112	1687	1607
0	2113	54388	52195
1	2113	2	2
2	2113	252	243
3	2113	2656	2584
4	2113	710	684
5	2113	1788	1722
6	2113	1368	1314
7	2113	4882	4744
8	2113	2730	2661
9	2113	3282	3184
10	2113	1035	995
11	2113	4704	4555
12	2113	936	914
13	2113	150	118
14	2113	1793	1722
15	2113	1809	1755
16	2113	2745	2661
17	2113	1346	1305
18	2113	2881	2811
19	2113	5613	5455
20	2113	1083	1045
21	2113	1184	1152
22	2113	178	169
23	2113	1274	1237
24	2113	4848	4696
25	2113	123	115
26	2113	897	867
27	2113	2925	2842
28	2113	1399	1352
29	2113	3520	3427
30	2113	7887	7630
31	2113	1106	1056
32	2113	3655	3528
33	2113	1143	1098
34	2113	5349	5200
35	2113	2729	2634
36	2113	1457	1413
37	2113	144	137
38	2113	5543	5401
39	2113	10425	10096
40	2113	2939	2852
41	2113	3838	3722
42	2113	7848	7618
43	2113	2607	2515
44	2113	1682	1629
45	2113	6667	6510
46	2113	3858	3749
47	2113	3201	3113
48	2113	762	704
49	2113	617	588
50	2113	7663	7435
51	2113	8785	8521
52	2113	4434	4288
53	2113	7288	7096
54	2113	3335	3224
55	2113	2502	2415
56	2113	3142	3049
57	2113	542	521
58	2113	4861	4707
59	2113	6195	5992
60	2113	3411	3314
61	2113	433	415
62	2113	3200	3112
63	2113	5044	4872
64	2113	1231	1190
65	2113	6249	6057
66	2113	4655	4515
67	2113	3458	3345
68	2113	2828	2725
69	2113	3469	3366
70	2113	8869	8591
71	2113	3318	3218
72	2113	5325	5167
73	2113	98	91
74	2113	6393	6177
75	2113	5454	5273
76	2113	6640	6456
77	2113	1852	1794
78	2113	1307	1257
79	2113	2260	2178
80	2113	939	876
81	2113	4349	4215
82	2113	1646	1586
83	2113	961	938
84	2113	7054	6786
85	2113	1461	1344
86	2113	4615	4469
87	2113	4471	4349
88	2113	620	588
89	2113	1911	1859
90	2113	1313	1288
91	2113	4429	4295
92	2113	1746	1671
93	2113	2286	2198
94	2113	904	873
95	2113	1563	1517
96	2113	1700	1611
0	2114	54131	51976
1	2114	1	1
2	2114	256	246
3	2114	2661	2582
4	2114	704	679
5	2114	1890	1844
6	2114	1360	1323
7	2114	4991	4854
8	2114	2773	2702
9	2114	3379	3293
10	2114	1035	1008
11	2114	4649	4539
12	2114	1014	979
13	2114	155	131
14	2114	1783	1734
15	2114	1838	1790
16	2114	2764	2696
17	2114	1404	1359
18	2114	2923	2839
19	2114	5597	5444
20	2114	1116	1073
21	2114	1172	1133
22	2114	187	182
23	2114	1277	1230
24	2114	4851	4729
25	2114	97	92
26	2114	920	894
27	2114	2964	2872
28	2114	1435	1396
29	2114	3461	3363
30	2114	7994	7761
31	2114	1186	1122
32	2114	3592	3476
33	2114	1134	1097
34	2114	5148	5006
35	2114	2633	2551
36	2114	1524	1479
37	2114	143	139
38	2114	5490	5356
39	2114	10265	9976
40	2114	2981	2895
41	2114	3818	3705
42	2114	7952	7714
43	2114	2669	2585
44	2114	1747	1692
45	2114	6646	6516
46	2114	3864	3743
47	2114	3087	3004
48	2114	749	715
49	2114	611	586
50	2114	7740	7506
51	2114	8837	8584
52	2114	4449	4316
53	2114	7165	7008
54	2114	3361	3261
55	2114	2490	2415
56	2114	3170	3081
57	2114	578	563
58	2114	5026	4877
59	2114	6115	5948
60	2114	3529	3442
61	2114	456	438
62	2114	3216	3131
63	2114	5019	4870
64	2114	1326	1289
65	2114	6284	6111
66	2114	4671	4535
67	2114	3531	3441
68	2114	2850	2765
69	2114	3700	3598
70	2114	9086	8833
71	2114	3277	3183
72	2114	5390	5265
73	2114	104	95
74	2114	6565	6361
75	2114	5420	5277
76	2114	6548	6369
77	2114	1870	1804
78	2114	1395	1334
79	2114	2298	2232
80	2114	956	900
81	2114	4458	4331
82	2114	1650	1587
83	2114	951	940
84	2114	7210	6966
85	2114	1461	1364
86	2114	4606	4484
87	2114	4471	4354
88	2114	637	611
89	2114	2002	1960
90	2114	1319	1285
91	2114	4628	4486
92	2114	1814	1764
93	2114	2262	2179
94	2114	881	860
95	2114	1562	1500
96	2114	1658	1567
0	2115	54883	52758
1	2115	1	0
2	2115	238	221
3	2115	2655	2591
4	2115	724	708
5	2115	1759	1713
6	2115	1402	1355
7	2115	5094	4956
8	2115	2657	2572
9	2115	3503	3406
10	2115	1057	1023
11	2115	4826	4691
12	2115	932	904
13	2115	180	155
14	2115	1874	1807
15	2115	1830	1780
16	2115	2677	2604
17	2115	1342	1303
18	2115	2914	2838
19	2115	5637	5477
20	2115	1150	1111
21	2115	1105	1073
22	2115	162	155
23	2115	1311	1264
24	2115	4833	4685
25	2115	124	115
26	2115	914	890
27	2115	2967	2887
28	2115	1447	1395
29	2115	3491	3399
30	2115	8150	7923
31	2115	1191	1137
32	2115	3682	3570
33	2115	1108	1079
34	2115	5444	5320
35	2115	2620	2533
36	2115	1451	1411
37	2115	170	164
38	2115	5465	5348
39	2115	10467	10124
40	2115	2999	2926
41	2115	3884	3777
42	2115	8026	7800
43	2115	2707	2630
44	2115	1724	1665
45	2115	6636	6515
46	2115	3828	3703
47	2115	3303	3188
48	2115	721	681
49	2115	638	611
50	2115	7787	7540
51	2115	8975	8702
52	2115	4474	4322
53	2115	7331	7165
54	2115	3338	3249
55	2115	2501	2428
56	2115	3280	3185
57	2115	599	568
58	2115	4988	4854
59	2115	6177	6014
60	2115	3529	3412
61	2115	482	469
62	2115	3308	3218
63	2115	5062	4911
64	2115	1284	1235
65	2115	6549	6364
66	2115	4604	4467
67	2115	3530	3436
68	2115	2702	2617
69	2115	3745	3628
70	2115	8969	8694
71	2115	3310	3216
72	2115	5530	5377
73	2115	104	99
74	2115	6521	6347
75	2115	5514	5349
76	2115	6562	6384
77	2115	1911	1848
78	2115	1393	1346
79	2115	2252	2182
80	2115	900	838
81	2115	4376	4229
82	2115	1624	1560
83	2115	1027	988
84	2115	7115	6851
85	2115	1444	1364
86	2115	4628	4472
87	2115	4502	4362
88	2115	642	616
89	2115	2000	1940
90	2115	1296	1269
91	2115	4620	4498
92	2115	1776	1700
93	2115	2236	2157
94	2115	896	863
95	2115	1553	1497
96	2115	1607	1534
0	2116	55246	52958
1	2116	2	2
2	2116	275	268
3	2116	2678	2611
4	2116	709	696
5	2116	1915	1865
6	2116	1468	1421
7	2116	5090	4973
8	2116	2712	2649
9	2116	3455	3364
10	2116	1066	1036
11	2116	4803	4671
12	2116	896	865
13	2116	168	143
14	2116	1874	1817
15	2116	1879	1829
16	2116	2723	2650
17	2116	1443	1409
18	2116	3008	2930
19	2116	5734	5569
20	2116	1111	1081
21	2116	1197	1166
22	2116	169	164
23	2116	1329	1285
24	2116	4861	4718
25	2116	94	86
26	2116	963	936
27	2116	2969	2877
28	2116	1428	1382
29	2116	3522	3427
30	2116	8298	8044
31	2116	1176	1107
32	2116	3764	3654
33	2116	1271	1221
34	2116	5400	5244
35	2116	2712	2626
36	2116	1540	1479
37	2116	161	154
38	2116	5679	5547
39	2116	10331	10023
40	2116	2886	2798
41	2116	3884	3794
42	2116	8143	7931
43	2116	2666	2587
44	2116	1715	1645
45	2116	6601	6464
46	2116	3998	3873
47	2116	3185	3092
48	2116	766	738
49	2116	627	610
50	2116	7678	7452
51	2116	8789	8539
52	2116	4425	4301
53	2116	7133	6985
54	2116	3408	3307
55	2116	2581	2503
56	2116	3279	3200
57	2116	587	570
58	2116	5035	4869
59	2116	6105	5918
60	2116	3609	3517
61	2116	498	472
62	2116	3283	3197
63	2116	4953	4809
64	2116	1288	1246
65	2116	6366	6187
66	2116	4696	4554
67	2116	3650	3553
68	2116	2893	2794
69	2116	3694	3600
70	2116	8965	8697
71	2116	3439	3331
72	2116	5329	5193
73	2116	89	88
74	2116	6540	6321
75	2116	5476	5336
76	2116	6736	6558
77	2116	1913	1864
78	2116	1451	1395
79	2116	2313	2238
80	2116	909	869
81	2116	4421	4299
82	2116	1689	1643
83	2116	980	945
84	2116	7406	7147
85	2116	1496	1407
86	2116	4758	4636
87	2116	4523	4422
88	2116	660	643
89	2116	1930	1865
90	2116	1352	1323
91	2116	4700	4593
92	2116	1822	1747
93	2116	2235	2174
94	2116	929	892
95	2116	1570	1519
96	2116	1682	1621
0	2117	55824	53546
1	2117	4	2
2	2117	258	246
3	2117	2773	2688
4	2117	746	721
5	2117	1801	1742
6	2117	1324	1284
7	2117	5166	5032
8	2117	2636	2561
9	2117	3591	3486
10	2117	1061	1024
11	2117	4829	4707
12	2117	1043	999
13	2117	174	145
14	2117	1889	1836
15	2117	1844	1795
16	2117	2659	2591
17	2117	1383	1337
18	2117	3151	3076
19	2117	5693	5536
20	2117	1108	1080
21	2117	1198	1170
22	2117	176	166
23	2117	1326	1281
24	2117	4943	4793
25	2117	108	102
26	2117	941	918
27	2117	3083	2982
28	2117	1485	1438
29	2117	3549	3435
30	2117	8179	7940
31	2117	1211	1165
32	2117	3697	3570
33	2117	1202	1159
34	2117	5534	5377
35	2117	2715	2619
36	2117	1520	1461
37	2117	188	180
38	2117	5562	5426
39	2117	10574	10278
40	2117	3053	2962
41	2117	3999	3910
42	2117	7990	7788
43	2117	2713	2630
44	2117	1747	1689
45	2117	6648	6484
46	2117	3959	3844
47	2117	3208	3108
48	2117	797	766
49	2117	665	640
50	2117	7897	7624
51	2117	9200	8931
52	2117	4536	4399
53	2117	7412	7240
54	2117	3382	3281
55	2117	2560	2480
56	2117	3342	3240
57	2117	590	566
58	2117	5043	4866
59	2117	6116	5920
60	2117	3648	3540
61	2117	491	468
62	2117	3239	3135
63	2117	4991	4840
64	2117	1294	1245
65	2117	6588	6397
66	2117	4633	4479
67	2117	3551	3442
68	2117	2975	2876
69	2117	3582	3469
70	2117	9162	8868
71	2117	3421	3310
72	2117	5404	5239
73	2117	82	76
74	2117	6642	6419
75	2117	5361	5211
76	2117	6727	6545
77	2117	1900	1844
78	2117	1358	1304
79	2117	2373	2311
80	2117	933	878
81	2117	4455	4333
82	2117	1688	1625
83	2117	1000	961
84	2117	7359	7058
85	2117	1505	1424
86	2117	4688	4536
87	2117	4544	4405
88	2117	634	611
89	2117	2032	1962
90	2117	1325	1273
91	2117	4719	4600
92	2117	1776	1713
93	2117	2334	2247
94	2117	930	899
95	2117	1623	1549
96	2117	1711	1628
0	2118	55733	53591
1	2118	5	3
2	2118	256	242
3	2118	2731	2642
4	2118	757	732
5	2118	1883	1824
6	2118	1454	1417
7	2118	5198	5080
8	2118	2803	2742
9	2118	3445	3341
10	2118	1052	1027
11	2118	4891	4724
12	2118	990	950
13	2118	164	139
14	2118	2007	1950
15	2118	1954	1905
16	2118	2847	2770
17	2118	1410	1367
18	2118	3159	3083
19	2118	5713	5542
20	2118	1143	1111
21	2118	1211	1160
22	2118	180	173
23	2118	1289	1256
24	2118	4967	4846
25	2118	121	112
26	2118	981	953
27	2118	3038	2958
28	2118	1479	1427
29	2118	3623	3529
30	2118	8235	7997
31	2118	1225	1165
32	2118	3746	3624
33	2118	1253	1219
34	2118	5580	5442
35	2118	2758	2688
36	2118	1559	1495
37	2118	165	160
38	2118	5742	5618
39	2118	10554	10264
40	2118	3082	2982
41	2118	3890	3771
42	2118	8041	7838
43	2118	2779	2699
44	2118	1815	1752
45	2118	6671	6517
46	2118	4032	3905
47	2118	3292	3187
48	2118	789	755
49	2118	605	578
50	2118	7862	7656
51	2118	9106	8858
52	2118	4500	4354
53	2118	7592	7411
54	2118	3537	3420
55	2118	2534	2464
56	2118	3305	3220
57	2118	599	580
58	2118	5069	4921
59	2118	6303	6119
60	2118	3692	3597
61	2118	438	427
62	2118	3294	3195
63	2118	5115	4949
64	2118	1330	1294
65	2118	6472	6283
66	2118	4797	4657
67	2118	3525	3418
68	2118	2975	2864
69	2118	3735	3621
70	2118	9119	8859
71	2118	3375	3284
72	2118	5433	5268
73	2118	104	99
74	2118	6760	6558
75	2118	5548	5390
76	2118	6601	6412
77	2118	1935	1875
78	2118	1421	1367
79	2118	2435	2367
80	2118	945	899
81	2118	4499	4361
82	2118	1731	1674
83	2118	1000	961
84	2118	7369	7084
85	2118	1547	1442
86	2118	4780	4632
87	2118	4700	4569
88	2118	630	601
89	2118	2050	1980
90	2118	1307	1277
91	2118	4716	4598
92	2118	1806	1751
93	2118	2273	2206
94	2118	869	838
95	2118	1640	1578
96	2118	1685	1609
0	2119	56963	54522
1	2119	2	2
2	2119	252	236
3	2119	2758	2675
4	2119	688	656
5	2119	1801	1745
6	2119	1392	1335
7	2119	5206	5047
8	2119	2770	2691
9	2119	3494	3387
10	2119	1042	1009
11	2119	4859	4688
12	2119	1023	980
13	2119	212	193
14	2119	1907	1853
15	2119	1911	1848
16	2119	2669	2604
17	2119	1438	1397
18	2119	2934	2842
19	2119	5777	5606
20	2119	1106	1069
21	2119	1239	1191
22	2119	190	177
23	2119	1313	1280
24	2119	4886	4736
25	2119	121	112
26	2119	982	952
27	2119	3013	2917
28	2119	1386	1333
29	2119	3525	3425
30	2119	8389	8096
31	2119	1251	1190
32	2119	3780	3654
33	2119	1194	1165
34	2119	5471	5291
35	2119	2738	2639
36	2119	1525	1479
37	2119	160	157
38	2119	5658	5520
39	2119	10616	10272
40	2119	2900	2812
41	2119	4071	3942
42	2119	8066	7841
43	2119	2733	2660
44	2119	1697	1616
45	2119	6651	6499
46	2119	4136	3998
47	2119	3341	3221
48	2119	742	699
49	2119	640	606
50	2119	8076	7812
51	2119	8953	8630
52	2119	4503	4361
53	2119	7524	7348
54	2119	3384	3267
55	2119	2619	2549
56	2119	3306	3206
57	2119	598	573
58	2119	5202	5020
59	2119	6154	5949
60	2119	3677	3552
61	2119	451	431
62	2119	3381	3283
63	2119	4938	4772
64	2119	1355	1319
65	2119	6634	6419
66	2119	4759	4594
67	2119	3632	3519
68	2119	2998	2899
69	2119	3795	3666
70	2119	9133	8811
71	2119	3318	3202
72	2119	5646	5484
73	2119	103	99
74	2119	6843	6585
75	2119	5617	5457
76	2119	6782	6575
77	2119	1843	1786
78	2119	1395	1346
79	2119	2317	2237
80	2119	989	929
81	2119	4617	4474
82	2119	1730	1673
83	2119	899	867
84	2119	7262	6980
85	2119	1553	1438
86	2119	4648	4496
87	2119	4528	4387
88	2119	628	599
89	2119	2020	1965
90	2119	1226	1205
91	2119	4726	4563
92	2119	1758	1687
93	2119	2348	2274
94	2119	894	863
95	2119	1571	1506
96	2119	1683	1590
